F Emilie 29/5/1984 2 6,1 5,1 7,4 5,7 8,4
H Damien 17/6/1986 3 5 7,2 6,9 5 5,4
H Fabien 19/9/1985 2 6,1 7,3 7,8 6,8 7,4
H Boris 15/8/1986 2 13 15,9 12,7 12,4 12,7
F Ingela 24/12/1984 4 7,5 5,2 6,7 3,6 4,4
H Rémy 28/6/1984 1 6,5 5 5,4 5,3 6,5
H Damien 11/4/1986 3 7,5 7,9 7,9 7,6 7,9
F Blanca 23/7/1984 2 8,4 7,2 8,2 7,1 7,8
F Cristel 17/6/1983 2 6,2 6,1 8,5 9 7,8
H Maurice 15/3/1983 2 11,5 11,4 9,5 10,1 8,7
F Audrey 27/11/1984 1 6 3,4 6,7 4 5,7
H Pierrick 4/8/1984 2 11,2 14,4 12,2 13,6 12,6
H Didier 28/4/1985 2 7,4 9,3 9,9 8,6 8,3
F Dina 15/9/1983 2 11,9 9,9 10 8,5 11,5
F Maguy 26/4/1984 2 5,9 7,9 7,1 6,7 5,8
F Céline 16/6/1986 2 8,1 9,1 8,4 8,8 5,5
H Denis 26/4/1985 2 9,4 5,9 9,5 6,4 8,6
H Josselin 25/2/1986 1 7 6,1 8,3 8,4 8
H Baptiste 22/5/1984 1 4,9 3,9 6,2 5,4 5,2
H Laurent 27/4/1985 1 6,7 7,8 7,2 9 5,8
H Sébastien 24/2/1984 1 5 5,7 5,1 5,1 5,1
H David 25/2/1985 2 4,1 4,1 4,2 6,2 3,6
F Anda 24/3/1986 1 7,4 6,2 6,1 8,7 7,9
H Tristan 17/5/1983 2 4,9 3,3 4,1 7,1 6,3
F Halima 4/6/1984 2 7,7 7,6 9,7 7,1 9,5
F Sophie 27/6/1985 2 8,6 6 8,7 8,6 6,2
F Sonia 17/11/1984 1 4,8 5,5 4,4 6,4 3,1
H Fréderic 26/9/1983 1 16,7 15,1 16,5 13,7 15,4
H Antoine 22/11/1985 4 7,3 6,8 7,4 7,4 7,7
H Paul 9/10/1985 3 4,4 4,3 5,3 5,6 6
F Amandine 14/2/1984 2 16,1 13 15,4 14 14,1
H Benoît 3/5/1984 3 7,9 4,9 8,1 4,6 7,6
H Anthony 24/9/1985 3 5,9 3,9 5,2 6,3 3,8
H Jorge 28/9/1984 4 8 7,2 7,1 7 7,3
H Thomas 13/2/1985 2 7 6,4 6,7 8,7 7,4
H Davy 9/6/1984 2 5,6 5,7 7,2 6 6,1
H Alexandre 11/11/1984 1 5,7 6,8 7,2 7,6 6,6
H Serge 17/8/1985 3 5,4 6,3 5,3 6,6 6,8
H Maurice 26/3/1985 2 15,4 13,6 14,3 14,8 16,1
H Giang 4/5/1984 3 6,8 6,1 6,2 6,4 5,1
H Joris 9/2/1983 4 10,6 9,4 10,4 10,7 9,6
H Sébastien 29/12/1983 2 12,7 11,2 13,5 13,4 14,5
H Juan 2/5/1985 2 10,4 11,1 10,3 9,7 8,8
H Houes 10/11/1984 4 5,3 5,9 7,4 6,7 5
F Sophie 22/7/1984 2 15 12,3 13,3 16 15,3
F Anna 4/2/1984 2 7,2 9,9 8,9 10,8 7,2
H Tristan 25/7/1986 3 15 13 15,8 15 12,6
H Alexandre 12/8/1984 2 6,5 7,7 6,8 6,5 4,3
H Fabien 12/8/1985 2 17,1 15,4 17,4 17,7 15,3
H Eric 5/9/1984 3 8,1 5,5 8,1 5,4 4,3
F Marie-Anne 8/9/1983 3 15,5 13,1 15,2 12 13,6
H Medhi 10/6/1985 1 8,3 5,4 7,2 7,7 5,7
H Vincent 21/8/1984 2 4,8 6,8 6 4,3 7,2
H Santos 10/3/1984 4 16,3 16,6 14,9 15,5 13,8
F Michela 19/3/1985 3 4,5 5,7 6,5 5,3 4,6
H Fabien 14/4/1985 2 3,8 4,8 6,1 4,2 5,4
H Damien 13/9/1986 2 8,7 6,7 5,1 7 6,1
H Johann 28/9/1985 2 10,4 7,3 7,2 7,2 9,2
F Laure 22/1/1984 3 9 10 11,6 9,1 9
H Jéronimo 29/7/1983 2 12,4 9,7 10,6 9,7 9,1
F Edwige 19/9/1983 1 7,7 6,4 7,2 6,7 5,5
F Flore 8/3/1984 3 7,4 9,2 9,6 8,5 8,8
H Nicolas 11/7/1983 2 6,5 5,8 7,9 5,2 6,5
F Céline 2/9/1984 3 5,1 6,6 5,8 7,4 6,9
H Benoit 18/10/1984 4 4,3 5,3 5,5 6,2 6,8
H Antoine 21/1/1985 3 4,7 7,6 4,7 7,8 4,5
H Nicolas 18/3/1984 2 14,3 13,1 15,9 12,9 16,3
H Julien 17/6/1984 3 6,9 9,5 9,4 7,6 6
H Julien 16/8/1983 3 5 6,7 4 4,9 6,2
F Aurélie 2/3/1984 2 3,7 4,8 5,6 4 6,5
H Olivier 18/6/1986 1 9,6 10,2 9,5 7,7 7,8
H Frédéric 2/4/1983 4 6,2 4,4 5,4 4,1 3,8
H Jimmy 14/7/1984 2 9,9 8,1 11 9,6 11,4
H Mathieu 8/5/1986 2 5,6 5,6 6,9 7,5 4,9
F Audrey 13/11/1985 2 13,8 13 12,6 11,3 14,1
H Jacques 22/1/1985 2 6,1 6,8 5,2 6 7,9
H Valentin 30/5/1985 1 10,6 11,2 9,9 12,3 8,7
H Nicolas 14/10/1983 2 3,7 7,2 6,2 4 4,7
F Nadejda 4/2/1985 2 7 6,4 7,3 7,5 4,5
F Nicole 12/11/1983 3 16,7 16,6 16,9 13,8 14
H Fabrice 25/8/1984 3 5,8 7,2 5,6 5 6,8
H Florian 11/6/1985 2 4,7 5,1 5,8 6,4 4,4
F Caroline 30/6/1984 2 11,4 11,1 11,6 10,3 9,9
H Stéphane 13/3/1983 4 5,1 5,4 5,4 6,7 6,4
H Jimmy 11/5/1983 1 18,1 17,9 19,7 17,5 19,8
F Justine 3/11/1983 3 8,5 9,2 9 10,7 7,2
F Julie 24/5/1986 3 9,3 9,2 11,6 8,6 8,5
H Djamel 11/8/1984 2 8,3 6,9 9,5 8,6 7,6
H Stéphane 1/11/1985 4 8,1 7,4 9,6 9,4 7
H Florian 15/2/1985 2 8,4 10,2 10,5 10,5 9,1
F Corinne 21/2/1985 1 8,6 11,2 8,8 8,9 10,3
H Sébastien 26/4/1985 2 8 6,1 6,1 4,5 7,1
F Awa 2/1/1985 3 10,1 10,3 9,8 8,9 10,2
H Baptiste 7/8/1984 2 14,9 17,2 14,6 15,2 17,7
H Tristan 20/8/1984 2 5,4 4 4,4 6,8 4,6
H Brahim 8/6/1985 3 6,4 4,5 5,7 5,5 7
F Emmanuelle 5/4/1985 3 8 8,4 9,4 6,8 6,8
H Benoît 18/11/1984 2 4,2 5,9 4,4 5 6,6
F Béatrice 7/7/1984 3 4,8 6,6 4,1 4,8 4,2
H Theo 21/7/1985 4 11,1 14,1 10,3 12,3 12,1
F Hélène 5/7/1984 1 7,3 8,5 8,4 5,7 9
H Cyril 24/5/1984 2 14,8 12,6 14,1 15,1 12,9
F Tammy 28/1/1984 3 7,7 6,1 6,2 4,7 7,4
F Brigitte 24/3/1984 3 4,5 3,3 7,1 5 4,4
H Loic 7/9/1984 1 7 7,5 7,4 6,4 7
F Dina 3/10/1985 2 7,7 6,8 7,2 7,2 5,5
H Mickael 19/10/1985 4 11,3 10,2 12,8 10,5 10,1
H Alexandre 28/11/1984 3 3,7 3,2 5,9 5,4 6,1
H Thomas 3/6/1986 2 5,3 7,6 7,9 9 6,6
H Sébastien 1/5/1986 1 13,9 14,6 11,8 14,3 13,8
H Victor 23/6/1984 3 15,9 13,8 13,3 15,1 15,9
F Yacine 23/7/1985 2 8,5 8,7 11,7 9,6 10,1
F Marie-Line 14/11/1985 2 14,1 13,9 16 13,4 14,3
H Alexandre 9/7/1984 1 3,5 5,4 5,9 6,8 3,5
F Sandra 23/8/1983 1 10,4 11,4 10,3 11,5 11,4
H Olivier 5/5/1984 2 7,6 6,1 7,2 6,1 5,8
H Jerome 18/12/1985 2 12 10 8,3 11,9 10,1
F Nicole 3/5/1985 1 13,5 13,7 11,8 13,3 13,9
H Michael 22/6/1983 1 5,8 4,5 6,5 5,5 7,9
H Bruno 1/4/1984 4 7,9 8,1 8 8,3 9,8
F Isabelle 9/5/1985 2 4,6 4,9 4,1 6,3 7,9
F Marie 6/4/1986 1 5,4 3,9 3,9 5,7 4,9
H Mickaël 11/3/1984 1 11,9 9,9 11,7 9,7 10,6
F Isabelle 11/7/1985 3 12,4 14,1 12,8 15,3 12,3
F Joby 26/9/1984 1 5,7 8 5,8 6,6 5,8
F Dorothée 25/7/1985 2 3,5 5,8 6 6,9 5,6
H Fréderic 4/2/1983 2 9,9 7,6 9,6 10,2 7,4
F Dominique 13/5/1985 2 5,4 5,4 4,9 4,6 5,1
F Christelle 2/7/1984 3 19,8 20,2 18,3 17,7 18,1
H Bruno 2/8/1984 2 13,2 13,6 12,3 11,9 11,8
H Julien 13/4/1984 1 9,1 10,8 10,5 9,7 12,7
H Fabian 5/10/1984 3 9,7 9,2 11,4 10,9 9,5
H Nicolas 5/5/1983 2 14,8 12,1 13,9 15,3 15,4
F Laurence 28/2/1983 3 12 10,3 13 11,2 13,5
H Rémy 20/5/1983 1 8,7 8,4 8,4 8,7 6,4
H Antoine 23/8/1986 2 10,4 7,1 7,1 8,7 10,2
F Sandra 13/8/1986 2 7,7 7 6,1 6,3 5,9
H Grégory 5/4/1986 2 11,8 11,8 9,5 12 12,8
F Carol 21/10/1984 2 14,3 13,7 13,8 12,2 15,3
H Djamel 17/11/1985 3 13,8 11,8 11 14,6 12,3
F Jelena 25/10/1985 2 6,4 5 3,7 4,2 4,1
H Amphone 19/4/1984 3 7,2 3,5 5,5 4,4 5,7
F Bénédicte 4/7/1986 1 6,3 7,8 8 5,7 6,1
H Marc 28/11/1985 3 7,6 10 10,6 9,9 7,8
H Christophe 13/9/1985 3 8,2 7,5 6,8 5,7 8,4
H Michael 23/5/1986 2 9,5 9,4 12 11,3 10,1
F Elena 11/2/1985 3 11,1 8,8 10,7 11,1 10,3
F Nikki 9/3/1984 4 4,7 6,9 4,3 7 3,6
F Alice 24/6/1983 2 4,9 4,3 7,8 7,6 4,1
H Medhi 29/6/1985 2 13,3 14,1 16,1 14,7 16,9
F Claudia 22/10/1985 1 12,9 14,1 13,7 15,3 15,8
H Jerome 17/7/1984 2 5,1 4,9 5,9 6,4 3,8
F Sarah 7/10/1984 2 5,4 4,9 5,9 7,5 3,6
F Béatrice 26/3/1983 4 7,2 6,3 7,2 4,4 5,5
F Elodie 23/10/1984 1 9,8 7,5 7,8 7,8 6,5
F Yasmina 15/9/1984 1 20 18,2 20 20 17,5
F Laetitia 8/1/1984 2 7,1 8,4 7,6 9,2 6,8
H Abdellah 7/4/1985 2 7,5 5,3 4 4,6 5,3
F Marylise 4/10/1983 1 10,2 6,5 8,9 10,3 8,6
F Carole 2/4/1986 1 9,4 7,5 7,6 7,3 9
F Anne 11/5/1985 3 12,2 10,4 11,9 12,8 9,5
H Abdel 12/5/1985 1 12,5 9,6 10,5 12,4 9,4
H Laurent 7/3/1983 1 4,5 6,8 7,2 5,1 8,3
F Magali 7/8/1984 1 6,6 7,2 4,8 5,1 6,7
H Denis 24/9/1983 1 6,8 6,6 7,5 7,6 7,6
H Julien 22/10/1983 4 14,7 15,9 14,8 13,3 13,9
F Ilona 8/5/1983 2 5,6 3,6 6 5,6 3,5
H Pascal 19/2/1984 2 4,9 6 6,6 6,6 7
H Amar 11/11/1984 4 7,1 7,1 3,7 3,9 3,5
H Jorge 25/3/1985 2 8,6 8,3 8,7 9,5 9,2
F Irina 22/10/1985 2 5,4 5,6 6,5 4,9 4,7
F Fanny 25/5/1985 3 5,2 3,7 7,4 6,4 5,2
H Davy 9/11/1985 4 8,6 6,1 6 8,6 5,4
H Jonathan 25/3/1986 1 13,3 14,1 11,6 12,8 11,4
H Didier 30/9/1985 3 9,5 8,3 11,7 8 9,1
H Stéphane 12/5/1984 1 12,3 10,4 12,8 10,3 13
H Benoît 10/10/1983 3 18,8 17,6 19,2 17,3 16,5
F Nathalie 30/10/1985 3 9,1 9 11,8 9,4 11,7
F Okerielle 20/5/1984 2 10,4 10,3 9,2 9,2 11,5
H Laurent 20/12/1985 2 10,5 9,3 10,1 8,6 8,3
H Anthony 15/7/1985 2 6 3,8 4,1 5,7 4,2
H Juan 29/9/1984 2 10,8 11,9 13,1 11 10,4
H Victor 7/6/1983 1 6,2 7,2 7,2 6,5 6,9
H Elyes 28/12/1985 2 5,9 6 7,2 4,8 7,2
F Adeline 2/2/1986 4 6 5,9 6,8 5,9 8
F Michèle 28/7/1984 2 7,8 10,6 8,2 7,2 7,6
F Dessislava 26/7/1985 3 14,6 14,8 16,8 17 16,3
H Jean-Jacques 9/8/1985 1 8,3 6,6 5,9 4,5 8,1
F Carine 12/7/1984 1 7,7 6,4 4,3 4,3 4,4
H Denis 25/2/1986 2 6,4 7,6 6,1 9,2 9,1
H Allan 14/9/1986 3 8,3 7,2 8,7 6,7 7,8
F Bonnie 21/7/1985 2 17 17,7 18,1 17,6 16,5
H Julien 12/1/1983 3 7,3 8,1 5,9 8,8 6,9
F Nathalie 17/9/1984 3 18,8 20 17,7 17,6 19,9
H Fabrice 20/9/1986 2 9 10,8 8,7 8,9 8,4
F Nathalie 2/6/1983 1 8,4 8,8 7,7 8,7 10,2
H Sylvain 18/2/1984 2 3,7 5,5 6,3 5,9 5,7
H Giang 14/7/1984 4 6,8 8,5 5,7 8,3 8,3
H Allan 20/7/1984 2 7,8 6,1 6,2 8,3 8,4
F Johanna 15/5/1983 4 10,7 11,1 11 10,7 9
F Alison 2/9/1986 4 6,7 9,3 6,9 6,9 10,2
H Bastien 3/5/1986 2 7,7 10,5 7,3 9,3 8,8
H Bruno 28/10/1985 2 5 3,4 5,7 5,4 6,7
F Elena 28/3/1985 1 14,6 18,3 17,3 14,7 17,8
F Yannick 15/11/1985 2 5,9 8,8 5,6 6 6,1
H Mickael 11/7/1985 2 11,7 8,4 8,5 8,3 8,1
F Sabrina 19/10/1986 4 3,8 4,1 4,4 7,1 7,3
H Der 27/4/1985 2 4,8 6 5,2 4,8 7,2
H Julian 18/11/1984 2 6,1 7,5 6 5,1 5,2
H Vincent 15/9/1985 3 7,9 8,1 10,1 9,9 9,3
H Tony 16/3/1986 2 7,8 5,8 6,5 5,9 7,4
F Claire 22/3/1985 2 6,2 6,3 7,1 6,3 5,6
F Marie-Sophie 5/11/1984 1 12,3 12 10,7 11 9,3
H Julien 6/11/1984 2 7,2 8,5 10 7,4 7,4
H Julian 5/5/1985 3 15,4 13,2 13,2 13,9 14,3
F Patricia 21/6/1984 1 3,9 6,9 7 6,2 7,5
H Mathieu 23/5/1984 4 12,5 14,6 12,8 13,4 12,9
H Steve 4/4/1984 3 11,5 10,7 14,6 13,3 12,2
F Silvana 29/7/1985 2 4,4 3,4 7,2 3,8 5,9
H Sylvain 25/10/1985 3 7,9 10,6 7,8 8,9 7,6
H Stephane 9/3/1985 4 9,8 13,2 12,4 10,5 11,7
F Barbara 7/12/1985 2 4,4 3,9 5 4,5 5,3
H Frederic 9/7/1986 4 5,3 5,5 5,1 6,9 8,4
F Valérie 24/4/1984 3 11,3 7,5 7,4 9,6 9,8
H Francis 25/8/1985 1 7,8 6,9 7,1 4,7 7,3
H David 11/2/1985 1 7,5 8 8,4 8,5 7,3
H Ali 16/4/1986 2 7,5 7,4 5,1 7,9 6,4
F Sabine 16/10/1986 3 7,3 4,6 6,2 7,8 5,2
F Stéphanie 14/6/1983 1 10,3 8 7,9 9,2 9,4
H Joseph 26/4/1986 3 6,8 7,4 7,1 8 6,7
F Pilar 14/12/1984 3 5,8 6,2 7,8 6 6,8
F Madlena 4/4/1985 3 8,2 7,8 8,2 7,9 6,7
H Cyril 29/4/1984 2 9,7 11,5 11,2 10,6 7,8
F Agnès 7/6/1983 1 14,5 13,5 16,9 14,4 16,1
H Didier 10/5/1986 1 12 12,7 11,7 15,3 15,3
H Benoit 28/2/1986 1 10,2 11,2 11,8 10,3 12,4
H Laurent 7/2/1984 1 8,3 8,7 7,6 9,9 11,1
H Philippe 14/7/1984 3 6,7 3,4 6,2 4,2 4,7
H Damien 30/12/1985 3 8,2 10,7 11,3 8,1 9,8
H Fabrice 16/6/1984 1 10,9 10 12 10,2 10,6
F Valérie 26/8/1985 2 10,6 11 9,3 10,8 11,3
F Géraldine 26/1/1984 1 12,4 10,3 13,8 12,3 11
H Antoine 22/10/1984 2 6,9 5,3 6,5 7 7,2
F Caroline 6/8/1985 2 6,1 6,7 6,5 5,6 3,9
F Dale 22/9/1986 3 4,3 4,2 6,8 3,6 5,4
H Gilles 20/11/1985 1 5,1 4,9 4,6 4 7
F Ceylia 3/4/1985 3 7,8 4,8 4,4 5,1 4,3
F Angel 9/10/1986 2 14,2 12,4 11,8 14,4 13,7
H Abdellah 16/12/1986 3 8,3 5,8 5,4 9,1 6,3
F Laetitia 7/4/1985 2 6 9,4 9,5 8,8 7,4
F Laure 23/8/1984 3 10,2 7,8 7,7 7,6 10,5
F Christelle 27/2/1985 2 9,7 7,4 10,9 9,1 8,8
F Barbara 20/6/1985 2 11,3 10,7 10 8,1 8,3
H Sébastien 23/11/1984 4 5,7 7,4 5 5,9 6,4
F Caroline 25/4/1984 4 15,9 13,5 15 16,7 14,2
H Frédéric 17/6/1986 3 3,4 3,2 5,1 4,9 3,9
H Johann 27/6/1986 1 6,4 5,1 7,9 5,4 5,6
H Pierre 21/2/1984 2 7,7 9 10 8,2 8,8
H Emmanuel 24/9/1985 3 5,8 8,2 9 6,9 6,8
F Nikolina 2/3/1984 2 17,7 17,1 17,1 18,1 18,5
F Jodi 21/2/1986 3 4,7 6,6 5,2 5,1 5,9
H Amphone 29/5/1985 2 6,4 4,1 5,6 5,6 6,2
F Delphine 14/2/1986 4 3,5 4,1 3,8 6,9 4,7
H Paul 5/2/1984 2 6,2 5,6 5,7 6,9 5,6
H Kevin 15/7/1983 1 6,8 8,3 6,1 6,9 8,4
F Magali 23/10/1986 1 13,7 12,8 12,4 11 11,4
F Laurence 5/2/1985 4 11,1 12,1 11,1 12,8 10,9
H Denis 9/4/1984 2 7 7,3 9,3 6,6 7,5
F Jannon 29/6/1985 2 13,4 12,8 13,8 15,3 12,6
H Frederic 6/10/1984 1 18 19,1 17,6 15,7 16
F Jehanne 10/6/1986 1 9,2 6,9 6,7 7 6,6
F Laetitia 12/3/1984 1 4,1 4,1 3,6 5,5 6,8
F Polina 17/2/1983 1 7,6 6,1 6 6,9 6,2
H Laurent 1/8/1984 2 10,7 9,8 8,6 8,3 8,7
H Pierrick 16/4/1984 2 6 3,6 3,7 5,4 5,2
F Muriel 25/9/1985 3 5,5 7 5,2 5 3,9
H Christophe 17/9/1986 1 8 6,1 6,4 9,2 6,2
F Christelle 23/4/1984 1 9,2 7,2 10,3 8,5 8,2
H Antoine 17/2/1984 3 6,7 7,9 8,9 7,1 5,3
F Jessica 17/9/1985 1 7,8 7,3 9 7,8 8,2
H David 22/4/1985 1 11,9 10,9 10,6 12 13,8
F Isabelle 21/10/1983 2 12,3 12,7 9,6 10 9,5
F Séverine 7/5/1984 2 6,5 9,2 7,3 9,4 8,7
H Antonin 20/3/1985 3 4,9 4,8 6,9 5,9 5,2
H Antonin 15/10/1983 3 14 11,5 13,2 14,3 12,6
F Ana-Belen 15/2/1984 4 13,5 15,1 11,3 12,7 14,6
H Tony 20/10/1985 1 7,6 7,8 10,5 8,1 7,9
H Aymeric 17/11/1984 1 6 4,8 6,3 5,8 5,8
H Frédéric 20/12/1983 1 7,6 5,3 5,6 6,2 7,3
F Mylène 30/3/1984 1 4,4 5,4 6,2 4,9 6,4
H Kevin 20/11/1986 2 6,9 6,1 7,4 8,5 6,8
H Tristan 10/9/1985 2 10,5 9,7 10,7 10,8 9,3
F Sandrine 4/10/1983 3 8,4 7,9 8,7 5,7 8,5
F Andrea 8/5/1983 2 10,4 10,9 9,9 8,5 10,2
F Carole 28/2/1985 2 11,5 11,2 10 9,2 9,8
F Ann 24/1/1985 3 3,3 4,4 6,9 4,4 3,6
H Denis 5/2/1984 2 14,5 12,7 13,8 12,1 12,5
F Sissako 8/3/1986 4 6,3 6,7 7,5 5 5
F Cathy 24/8/1984 1 6,2 4,5 6,1 7,4 7,9
H Mickael 29/11/1985 2 11,5 13,2 10,9 11,1 10,5
H Christophe 23/7/1984 2 17,3 14 15,9 17,6 15,5
F Christine 14/2/1984 1 16,4 16,7 14,8 16,4 18
H Benoît 30/11/1985 2 8,5 6,5 6,2 5,1 8,3
H Valentin 18/5/1983 2 20 18,1 18,5 18,3 18,8
H Paul 20/10/1983 1 6,4 4 4,4 7,3 7,6
F Stéphanie 25/9/1986 4 4,5 4,8 6 5,7 7
H Mickael 29/4/1984 2 9,6 9,8 10,4 7,2 9,9
H Julien 26/8/1984 4 3,2 6 6 4,6 6,9
F Slavina 5/4/1986 4 7,1 6,8 9,3 5,8 8,4
H Jacques 16/5/1984 3 6,6 7,7 9 5,9 7,2
F Adriana 10/9/1984 4 7,2 8,7 7,7 6,7 7,6
F Carine 15/12/1986 4 5,6 6,9 6,8 5,3 3,9
H Alexandre 25/3/1986 1 7,8 6,7 6,8 7,5 9
F Stacey 11/2/1983 2 6,9 7 4,9 4,9 3,7
