10 2798 25
29 17927 18
39 2599 48
131 5820 22
143 5201 22
148 4909 73
150 15404 67
152 9357 23
153 2975 19
169 17210 20
183 19531 20
213 2541 26
228 10950 35
279 12686 31
295 10459 23
300 11479 18
332 2116 28
344 10726 26
430 16442 27
440 9795 28
445 3090 20
461 21159 21
462 2822 49
467 3812 38
475 3603 41
511 20003 20
531 7598 41
532 2001 41
533 5658 29
537 9366 48
542 5031 20
566 2450 66
573 9634 69
589 3413 18
603 6514 74
614 13649 36
650 2081 19
652 14836 21
671 2364 33
680 9406 50
682 5935 47
695 5455 37
708 11235 24
738 9695 21
743 3689 24
757 3687 21
763 3460 39
768 5709 31
791 2052 30
795 11387 38
803 19099 49
826 4844 18
836 2880 28
849 4477 74
874 6528 28
906 16000 37
915 3005 39
937 11813 25
944 2282 21
948 2799 37
956 7614 24
959 22319 35
1003 11883 21
1061 4131 28
1074 6447 22
1111 2030 31
1137 2588 21
1195 4589 65
1217 6045 18
1233 10213 72
1248 2147 21
1251 12059 34
1254 13036 52
1264 2609 23
1273 14608 55
1281 4895 47
1360 8687 31
1414 13096 19
1416 7736 44
1479 16737 18
1490 5332 24
1497 21851 20
1506 6992 40
1536 2349 38
1546 2366 21
1550 2016 22
1629 9362 53
1638 16814 23
1656 2211 36
1668 18279 24
1696 5376 21
1726 6153 33
1728 10904 69
1732 3845 30
1754 2916 36
1799 3101 20
1805 20700 29
1817 15823 35
1820 3078 28
1843 9272 33
1888 9552 31
1901 7208 21
1910 6608 18
1919 2984 20
1979 21049 20
1981 4478 29
2016 3753 22
2061 12089 20
2063 7015 27
2104 22178 20
2117 3109 60
2128 5010 40
2147 4834 38
2152 3104 21
2156 3883 19
2172 7972 34
2261 16951 58
2265 2208 28
2272 8327 23
2282 4555 26
2296 4921 42
2301 7483 43
2308 13165 46
2321 2267 41
2337 6341 38
2346 3946 46
2356 2510 30
2375 8412 33
2388 5678 70
2409 16262 40
2415 2157 18
2458 16195 20
2478 3211 26
2549 2653 19
2563 4401 38
2582 6993 26
2599 4337 40
2623 6557 21
2689 3019 44
2701 5069 85
2752 7221 40
2776 23461 32
2780 10829 23
2792 12570 59
2829 7360 22
2833 14739 60
2844 6708 28
2877 6238 22
2882 10585 48
2900 7269 22
2923 10979 29
2934 2848 34
2986 3507 29
2988 3026 25
3003 7407 19
3019 16879 56
3020 17961 50
3064 22459 24
3110 11566 19
3113 5594 44
3142 4816 35
3153 6658 23
3163 2735 57
3167 2075 26
3179 4055 25
3195 2185 29
3235 3448 25
3252 3199 50
3261 4477 27
3262 12702 21
3263 19636 28
3268 3408 21
3282 5210 19
3286 13917 45
3291 22457 43
3307 9445 48
3311 3169 20
3347 5334 20
3366 13061 40
3393 21315 49
3426 4644 58
3434 15315 22
3440 3682 62
3444 3422 32
3464 3226 64
3485 11655 29
3496 3911 48
3515 5761 21
3520 11382 24
3529 4292 27
3533 14123 18
3537 17493 23
3543 3357 30
3549 2845 22
3586 5460 47
3608 6129 35
3693 5680 23
3709 2879 31
3721 22047 52
3722 8248 32
3725 10317 19
3739 22870 21
3759 11961 26
3771 6933 19
3799 2296 65
3806 2019 25
3814 3002 20
3818 4138 27
3836 15879 18
3844 2724 52
3847 12955 68
3856 2530 24
3859 2105 52
3896 16504 59
3952 17141 19
3977 10199 67
3992 10609 24
4005 4068 30
4038 6654 58
4071 6582 31
4092 7339 29
4096 7785 53
4102 2925 47
4114 5663 39
4130 7164 20
4178 9716 35
4208 2125 47
4273 5449 19
4279 11766 20
4291 4138 22
4292 2500 40
4307 2284 24
4311 3998 24
4346 10183 72
4360 18835 28
4381 2786 34
4413 5727 22
4426 6761 65
4427 2448 24
4445 14944 23
4450 2005 38
4455 2596 46
4457 14672 22
4525 17060 35
4529 12024 19
4534 26889 22
4535 11861 25
4538 9132 20
4551 2026 19
4616 6423 60
4635 8832 20
4641 13396 21
4645 16106 42
4677 2243 19
4704 6505 44
4706 18596 39
4722 8680 35
4738 11809 35
4745 5639 42
4747 2608 38
4759 16748 27
4762 10108 49
4786 13588 32
4790 2654 21
4817 7486 40
4828 6796 20
4839 2536 18
4898 2076 53
4907 3274 42
4908 21781 19
4915 8194 53
4924 13723 33
4971 12935 78
5000 3215 21
5035 2050 37
5046 17351 37
5059 22093 67
5065 9904 22
5116 7309 23
5164 4368 34
5179 18513 23
5193 2395 50
5212 20258 67
5254 12531 82
5280 7147 46
5282 10072 19
5286 18958 36
5304 18387 35
5306 4551 20
5332 9213 37
5346 14608 18
5406 18613 19
5441 20014 19
5451 5182 26
5464 8974 25
5492 3371 74
5501 6777 23
5549 14584 30
5551 19648 38
5567 9261 27
5575 3842 32
5576 24054 24
5588 6896 21
5596 2054 31
5598 13063 36
5604 9127 32
5608 11429 29
5612 3713 45
5631 12667 59
5645 2645 43
5722 3456 23
5732 4119 33
5733 23152 19
5743 4502 28
5749 2013 19
5754 5028 55
5766 11648 30
5769 6305 23
5785 11408 40
5797 2251 36
5824 13618 24
5839 8485 33
5853 6312 19
5856 7599 83
5858 3793 50
5873 7070 19
5911 5847 63
5924 4662 28
5936 21253 50
5948 2198 33
5951 9880 86
5954 4467 33
5984 7151 31
5987 3024 42
5989 19613 33
5993 12162 22
6035 6640 35
6042 5112 22
6055 10391 48
6061 5775 19
6104 2154 28
6114 3778 21
6122 6028 28
6126 5457 62
6129 11981 40
6202 3264 39
6206 11779 31
6229 6788 33
6235 14049 23
6285 11222 39
6290 7510 23
6297 11135 34
6312 2233 58
6331 21286 21
6339 6647 20
6383 7619 67
6387 11703 25
6420 6322 46
6430 5597 47
6451 10839 37
6452 10177 47
6458 6654 21
6479 17334 41
6518 6259 59
6534 8247 67
6585 4141 18
6600 7967 38
6622 11960 25
6684 5934 21
6693 4032 64
6708 5867 33
6724 9758 62
6730 9300 39
6733 8001 33
6740 24046 23
6753 4389 33
6784 12804 24
6817 2776 26
6818 6246 39
6820 6297 26
6849 2936 24
6857 5675 70
6861 16227 47
6901 4351 64
6903 2171 32
6919 11409 25
6941 6420 20
6956 17102 18
6965 3262 32
6972 10372 20
6978 11030 26
6997 13254 18
7036 13184 23
7081 5816 48
7085 20321 19
7108 2202 19
7121 5792 43
7127 8442 72
7131 13775 21
7134 9972 68
7205 3339 34
7205 13671 22
7210 2429 26
7215 2789 18
7216 6141 51
7219 2103 39
7245 6760 20
7275 4089 25
7282 2120 24
7289 5012 26
7301 14120 20
7313 9765 49
7322 3196 22
7394 2460 38
7396 11137 35
7408 3601 38
7421 12065 28
7435 21560 18
7449 2002 56
7450 4199 25
7457 3723 24
7458 2210 29
7461 9836 37
7470 5429 30
7495 14804 72
7519 7720 25
7538 8606 28
7555 7373 22
7562 3707 36
7565 5780 35
7584 7705 75
7588 2783 23
7593 9563 23
7603 16219 18
7608 2660 24
7609 9310 33
7657 3799 46
7666 2550 22
7673 2779 20
7676 13899 69
7684 19984 29
7692 7482 27
7708 5052 56
7740 6316 75
7743 11930 59
7789 21429 59
7810 5071 20
7814 12244 21
7866 3663 48
7871 2940 19
7875 4878 42
7884 4926 59
7901 4990 51
7915 13538 60
7933 4233 43
7944 10644 34
7952 4382 28
7965 8125 35
7970 5995 35
7973 16150 24
7989 15992 58
8008 5379 54
8030 19727 20
8031 11358 21
8040 6921 23
8050 18409 47
8070 2268 46
8080 17168 42
8106 22621 56
8107 9121 19
8125 2451 34
8128 15366 19
8130 5756 19
8136 7140 22
8139 3794 26
8163 10232 23
8188 6612 27
8193 6027 39
8194 18931 54
8243 24534 58
8245 7309 33
8263 2903 18
8285 2903 24
8295 2321 32
8303 2730 30
8313 10101 44
8316 5254 24
8318 2107 19
8343 7519 34
8353 12343 36
8356 13320 47
8358 3074 60
8364 6431 25
8372 2088 27
8378 3246 43
8385 5385 23
8415 19475 18
8456 12228 58
8467 6001 21
8497 6953 18
8515 8271 80
8601 4137 26
8616 7301 32
8618 3425 28
8619 4706 22
8626 2783 24
8650 5545 30
8655 10112 49
8669 3935 43
8679 7335 43
8681 8479 48
8691 7049 27
8698 5542 25
8699 4421 52
8724 22039 35
8725 5151 78
8745 2607 22
8749 6445 41
8768 4023 37
8795 8187 58
8799 17938 25
8801 3754 64
8805 2668 55
8845 3830 29
8876 2433 60
8887 13045 29
8897 23786 22
8905 3064 51
8935 16497 18
8938 15636 38
8985 5084 35
8992 3256 22
9032 2241 41
9035 18344 44
9042 9582 37
9057 3688 52
9076 3182 25
9089 17230 52
9142 9694 24
9186 2188 25
9187 5618 51
9202 15650 80
9256 20469 34
9298 14156 60
9325 3510 51
9332 8860 24
9342 13222 43
9360 3247 27
9363 4927 49
9367 12943 33
9380 8686 47
9388 7584 20
9395 13551 45
9411 15451 39
9445 8899 22
9472 7265 20
9497 4611 34
9506 4498 45
9510 12090 29
9511 5455 23
9533 9015 21
9538 9054 25
9556 2373 19
9567 9211 21
9572 7933 29
9632 13689 35
9658 5103 19
9661 8528 48
9670 5785 24
9682 8705 43
9689 3754 30
9699 13038 22
9715 14556 68
9728 12927 43
9744 6845 43
9800 11526 28
9814 6500 43
9833 2655 62
9838 4644 26
9843 7904 21
9867 5634 40
9886 3270 29
9899 3866 20
9905 9992 28
9908 18040 28
9923 7310 19
9971 11625 39
9998 2848 21
10009 2680 34
