25 12 2002 5
1 1 2003 5
5 1 2003 5
23 1 2003 5
3 11 2002 11
10 11 2002 12
8 12 2002 27
4 11 2002 28
8 1 2003 28
22 1 2003 28
22 11 2002 36
13 1 2003 42
26 1 2003 45
18 11 2002 49
6 11 2002 53
24 1 2003 54
17 1 2003 56
27 12 2002 57
16 12 2002 59
16 1 2003 66
29 1 2003 69
9 11 2002 72
5 12 2002 78
21 1 2003 79
14 11 2002 81
8 11 2002 82
30 11 2002 84
14 1 2003 88
6 1 2003 94
7 1 2003 95
1 12 2002 101
19 12 2002 102
21 11 2002 106
4 1 2003 107
9 12 2002 109
7 11 2002 114
11 1 2003 114
30 12 2002 121
25 11 2002 122
28 11 2002 124
3 1 2003 124
26 11 2002 125
25 1 2003 127
13 12 2002 134
15 1 2003 134
13 11 2002 135
11 11 2002 142
3 12 2002 142
26 12 2002 142
17 11 2002 147
7 12 2002 149
20 1 2003 150
24 11 2002 151
29 11 2002 151
19 1 2003 151
18 1 2003 154
4 12 2002 159
14 12 2002 159
2 1 2003 159
2 12 2002 162
17 12 2002 162
27 11 2002 165
29 12 2002 165
5 11 2002 167
2 11 2002 169
9 1 2003 169
12 11 2002 178
28 12 2002 178
10 1 2003 185
12 1 2003 187
15 11 2002 189
16 11 2002 190
19 11 2002 191
21 12 2002 192
28 1 2003 192
6 12 2002 194
10 12 2002 200
15 12 2002 201
30 1 2003 201
18 12 2002 202
12 12 2002 204
27 1 2003 204
24 12 2002 205
22 12 2002 211
11 12 2002 214
23 11 2002 226
20 11 2002 231
1 11 2002 232
23 12 2002 233
20 12 2002 234
