4 11 2002 3
14 12 2002 11
1 12 2002 14
14 11 2002 16
23 11 2002 16
15 12 2002 17
18 12 2002 19
27 1 2003 23
26 1 2003 24
7 12 2002 27
17 11 2002 33
2 1 2003 35
21 1 2003 37
23 12 2002 39
6 12 2002 50
24 11 2002 56
29 1 2003 56
13 12 2002 57
29 12 2002 57
19 12 2002 63
18 1 2003 67
5 1 2003 79
8 12 2002 80
3 11 2002 86
10 11 2002 86
22 11 2002 87
8 1 2003 88
22 12 2002 89
30 12 2002 89
17 1 2003 90
21 11 2002 91
20 12 2002 91
4 1 2003 92
8 11 2002 94
12 11 2002 94
7 1 2003 94
24 12 2002 95
1 1 2003 96
4 12 2002 98
11 1 2003 99
29 11 2002 101
9 12 2002 104
20 1 2003 112
1 11 2002 113
17 12 2002 115
16 11 2002 117
21 12 2002 122
26 11 2002 125
5 11 2002 126
27 12 2002 126
9 1 2003 127
30 11 2002 128
11 12 2002 128
10 1 2003 130
26 12 2002 132
28 11 2002 133
6 1 2003 143
16 12 2002 146
2 12 2002 150
6 11 2002 153
2 11 2002 156
25 1 2003 156
12 12 2002 157
22 1 2003 162
28 1 2003 162
25 12 2002 170
13 1 2003 170
19 1 2003 171
30 1 2003 172
14 1 2003 173
24 1 2003 174
20 11 2002 175
27 11 2002 178
28 12 2002 179
15 11 2002 193
19 11 2002 193
3 12 2002 200
9 11 2002 203
25 11 2002 204
13 11 2002 205
18 11 2002 207
10 12 2002 215
12 1 2003 215
3 1 2003 218
11 11 2002 224
7 11 2002 225
5 12 2002 227
15 1 2003 233
16 1 2003 234
23 1 2003 234
