1990 A 40.3 -22.3
1990 B 5.3 -16.64
1991 A 18.3 -4.13
1991 B 44.4 -9.8
1992 A 24.5 -3.96
1992 B 28.2 -9.62
1993 A 14.4 -9.67
1993 B 41.6 -19.63
1994 A 18.7 -9.77
1994 B 30.8 -9.25
1995 A 41.1 -19.15
1995 B 30.4 -18.24
1996 A 0.5 -22.07
1996 B 3.6 -3.37
1997 A 12.9 -6.74
1997 B 16.5 -21.91
1998 A 20.5 -11.13
1998 B 44.7 -24.75
1999 A 7.4 -20.94
1999 B 14 -22.19
2000 A 18.2 -15.06
2000 B 27.4 -8.91
2001 A 0.6 -14.38
2001 B 22.8 -5.28
2002 A 8.2 -23.11
2002 B 21.2 -4.44
2003 A 42.6 -14.35
2003 B 44.5 -7.89
