2005,01,01,12,2005,01,02,11,2005,01,03,8.4,2005,01,04,5.8,2005,01,05,10.3,2005,01,06,10.5,2005,01,07,11.4,2005,01,08,10.5,2005,01,09,11.9,2005,01,10,11.2
2005,01,11,10.7,2005,01,12,10.2,2005,01,13,6,2005,01,14,1.9,2005,01,15,3.8,2005,01,16,5.9,2005,01,17,7,2005,01,18,7.1,2005,01,19,8,2005,01,20,11.5
2005,01,21,10.5,2005,01,22,8.3,2005,01,23,5.6,2005,01,24,3.7,2005,01,25,2.8,2005,01,26,0.1,2005,01,27,1.5,2005,01,28,5.3,2005,01,29,2.1,2005,01,30,2.6
2005,01,31,6.7,2005,02,01,8.1,2005,02,02,8.9,2005,02,03,7.6,2005,02,04,8,2005,02,05,7,2005,02,06,8.2,2005,02,07,10.9,2005,02,08,11.7,2005,02,09,13.1
2005,02,10,9.2,2005,02,11,12,2005,02,12,13.3,2005,02,13,9.4,2005,02,14,5.1,2005,02,15,4.1,2005,02,16,1.5,2005,02,17,1.3,2005,02,18,4.5,2005,02,19,6.6
2005,02,20,3.8,2005,02,21,3.7,2005,02,22,1.6,2005,02,23,0.3,2005,02,24,1.9,2005,02,25,1.2,2005,02,26,2.9,2005,02,27,0.6,2005,02,28,-1.4,2005,03,01,1.6
2005,03,02,3.8,2005,03,03,0.4,2005,03,04,0,2005,03,05,2,2005,03,06,0.8,2005,03,07,3.7,2005,03,08,4.7,2005,03,09,5.8,2005,03,10,3.4,2005,03,11,10.2
2005,03,12,7.6,2005,03,13,9,2005,03,14,10.4,2005,03,15,17.6,2005,03,16,23.4,2005,03,17,15.9,2005,03,18,17.8,2005,03,19,20.2,2005,03,20,21.4,2005,03,21,20.6
2005,03,22,17,2005,03,23,20,2005,03,24,17,2005,03,25,18.6,2005,03,26,17.3,2005,03,27,15.1,2005,03,28,15.8,2005,03,29,15.1,2005,03,30,15.4,2005,03,31,12.4
2005,04,01,18.1,2005,04,02,20.2,2005,04,03,18.4,2005,04,04,16.3,2005,04,05,15,2005,04,06,16,2005,04,07,13.2,2005,04,08,10.1,2005,04,09,9,2005,04,10,12.1
2005,04,11,16.5,2005,04,12,15.8,2005,04,13,15.7,2005,04,14,13.4,2005,04,15,12.7,2005,04,16,11.3,2005,04,17,15.2,2005,04,18,14.5,2005,04,19,13,2005,04,20,14.8
2005,04,21,15.1,2005,04,22,18.5,2005,04,23,17.9,2005,04,24,15.9,2005,04,25,15.2,2005,04,26,15.2,2005,04,27,16.8,2005,04,28,22.2,2005,04,29,20.6,2005,04,30,29
2005,05,01,26.8,2005,05,02,24.4,2005,05,03,23,2005,05,04,16.5,2005,05,05,15,2005,05,06,17.8,2005,05,07,17.1,2005,05,08,16,2005,05,09,15.5,2005,05,10,14.8
2005,05,11,15.5,2005,05,12,18.2,2005,05,13,18.9,2005,05,14,19,2005,05,15,18.8,2005,05,16,16.8,2005,05,17,13.6,2005,05,18,15.6,2005,05,19,20.6,2005,05,20,23.7
2005,05,21,19.8,2005,05,22,18.9,2005,05,23,18.1,2005,05,24,21.7,2005,05,25,26.4,2005,05,26,30.3,2005,05,27,32.7,2005,05,28,29.5,2005,05,29,22.2,2005,05,30,18.8
2005,05,31,21,2005,06,01,22.5,2005,06,02,27.1,2005,06,03,24.8,2005,06,04,20.9,2005,06,05,19.4,2005,06,06,21.6,2005,06,07,16.8,2005,06,08,19.3,2005,06,09,20.4
2005,06,10,21.6,2005,06,11,19.8,2005,06,12,21.2,2005,06,13,22.3,2005,06,14,23.6,2005,06,15,22.6,2005,06,16,24.9,2005,06,17,27.8,2005,06,18,30.2,2005,06,19,32.9
2005,06,20,32.1,2005,06,21,29.2,2005,06,22,30.5,2005,06,23,33.5,2005,06,24,31.3,2005,06,25,29.9,2005,06,26,29.1,2005,06,27,31.8,2005,06,28,34,2005,06,29,26.3
2005,06,30,24.1,2005,07,01,21.1,2005,07,02,27.2,2005,07,03,31.1,2005,07,04,21.1,2005,07,05,22.5,2005,07,06,20.3,2005,07,07,19.5,2005,07,08,20.1,2005,07,09,20.7
2005,07,10,24.6,2005,07,11,29.3,2005,07,12,28.3,2005,07,13,30,2005,07,14,31.5,2005,07,15,34.9,2005,07,16,31.6,2005,07,17,31.4,2005,07,18,28.6,2005,07,19,23.3
2005,07,20,24.1,2005,07,21,25.4,2005,07,22,26.1,2005,07,23,23.7,2005,07,24,23.5,2005,07,25,25.1,2005,07,26,26.9,2005,07,27,29.3,2005,07,28,28.8,2005,07,29,25.2
2005,07,30,23.2,2005,07,31,22.4,2005,08,01,22.6,2005,08,02,25.2,2005,08,03,25.9,2005,08,04,24.8,2005,08,05,27.4,2005,08,06,21.6,2005,08,07,23,2005,08,08,21.8
2005,08,09,24.2,2005,08,10,27.2,2005,08,11,27,2005,08,12,25.3,2005,08,13,24.9,2005,08,14,23.5,2005,08,15,22.6,2005,08,16,24.4,2005,08,17,28.3,2005,08,18,31
2005,08,19,28.8,2005,08,20,22.1,2005,08,21,21.5,2005,08,22,25.3,2005,08,23,20.7,2005,08,24,24.4,2005,08,25,22.1,2005,08,26,22,2005,08,27,22.4,2005,08,28,24.9
2005,08,29,27.9,2005,08,30,30.6,2005,08,31,33,2005,09,01,-9999,2005,09,02,-9999,2005,09,03,-9999,2005,09,04,-9999,2005,09,05,-9999,2005,09,06,-9999,2005,09,07,27.7
2005,09,08,28.7,2005,09,09,26.7,2005,09,10,22.7,2005,09,11,20.4,2005,09,12,18.9,2005,09,13,22.7,2005,09,14,24.9,2005,09,15,25.3,2005,09,16,21.9,2005,09,17,16.4
2005,09,18,17.9,2005,09,19,19.8,2005,09,20,20.2,2005,09,21,21.7,2005,09,22,23.3,2005,09,23,24.5,2005,09,24,23.8,2005,09,25,21.1,2005,09,26,21.7,2005,09,27,23.3
2005,09,28,18.4,2005,09,29,20.4,2005,09,30,18.9,2005,10,01,18.4,2005,10,02,15.6,2005,10,03,16.5,2005,10,04,15.5,2005,10,05,15.1,2005,10,06,17,2005,10,07,17
2005,10,08,22.5,2005,10,09,24.2,2005,10,10,25.5,2005,10,11,23.5,2005,10,12,23.4,2005,10,13,18.9,2005,10,14,23.1,2005,10,15,25.1,2005,10,16,20.2,2005,10,17,20.6
2005,10,18,17.6,2005,10,19,18.4,2005,10,20,14.9,2005,10,21,19.6,2005,10,22,18.8,2005,10,23,17.1,2005,10,24,16.3,2005,10,25,20.4,2005,10,26,23.7,2005,10,27,23.8
2005,10,28,19.5,2005,10,29,21,2005,10,30,24.6,2005,10,31,19.9,2005,11,01,16.7,2005,11,02,17.7,2005,11,03,18.9,2005,11,04,14.2,2005,11,05,14.4,2005,11,06,14.7
2005,11,07,13.5,2005,11,08,17.1,2005,11,09,12.2,2005,11,10,12.1,2005,11,11,11.3,2005,11,12,8.3,2005,11,13,10.9,2005,11,14,10,2005,11,15,9.1,2005,11,16,10.2
2005,11,17,8.7,2005,11,18,6.6,2005,11,19,1.9,2005,11,20,1.1,2005,11,21,2.2,2005,11,22,6.1,2005,11,23,4.9,2005,11,24,4.1,2005,11,25,6.2,2005,11,26,0.8
2005,11,27,6.1,2005,11,28,4.4,2005,11,29,4,2005,11,30,0.9,2005,12,01,5.7,2005,12,02,10,2005,12,03,10.5,2005,12,04,10,2005,12,05,8.2,2005,12,06,6.2
2005,12,07,6.6,2005,12,08,8.8,2005,12,09,4.3,2005,12,10,5.2,2005,12,11,3.7,2005,12,12,4.5,2005,12,13,6.3,2005,12,14,6,2005,12,15,6.2,2005,12,16,9.5
2005,12,17,9.2,2005,12,18,5,2005,12,19,3.1,2005,12,20,1.9,2005,12,21,0.9,2005,12,22,4.4,2005,12,23,2.2,2005,12,24,5.5,2005,12,25,6.7,2005,12,26,4.7
2005,12,27,1.9,2005,12,28,-0.4,2005,12,29,1,2005,12,30,3.4,2005,12,31,9.2,2006,01,01,8.5,2006,01,02,7.1,2006,01,03,6.7,2006,01,04,3.2,2006,01,05,0.6
2006,01,06,2,2006,01,07,2.4,2006,01,08,6.4,2006,01,09,8,2006,01,10,4.3,2006,01,11,4.2,2006,01,12,5.5,2006,01,13,7.7,2006,01,14,9.8,2006,01,15,9.1
2006,01,16,7.2,2006,01,17,9.7,2006,01,18,11.8,2006,01,19,10.2,2006,01,20,11.4,2006,01,21,9.2,2006,01,22,5.3,2006,01,23,4.1,2006,01,24,2.5,2006,01,25,2.1
2006,01,26,1.7,2006,01,27,0,2006,01,28,0.3,2006,01,29,3.6,2006,01,30,4.7,2006,01,31,4.4,2006,02,01,-0.3,2006,02,02,-0.4,2006,02,03,-1,2006,02,04,-9999
2006,02,05,-9999,2006,02,06,6.6,2006,02,07,6.2,2006,02,08,9.8,2006,02,09,7.3,2006,02,10,5.8,2006,02,11,5.9,2006,02,12,5.3,2006,02,13,7.9,2006,02,14,7
2006,02,15,11.2,2006,02,16,9.9,2006,02,17,10.5,2006,02,18,9.1,2006,02,19,7.1,2006,02,20,7.5,2006,02,21,5.6,2006,02,22,5.6,2006,02,23,3.9,2006,02,24,5.2
2006,02,25,3.7,2006,02,26,2.5,2006,02,27,5,2006,02,28,6,2006,03,01,6,2006,03,02,5.4,2006,03,03,12.3,2006,03,04,1.1,2006,03,05,7.5,2006,03,06,8.8
2006,03,07,6,2006,03,08,11.8,2006,03,09,12.1,2006,03,10,10.4,2006,03,11,7.1,2006,03,12,3.7,2006,03,13,4.9,2006,03,14,9.4,2006,03,15,10.2,2006,03,16,6.6
2006,03,17,7.6,2006,03,18,10.1,2006,03,19,14.6,2006,03,20,13.6,2006,03,21,10.8,2006,03,22,5,2006,03,23,8.6,2006,03,24,16.4,2006,03,25,13.3,2006,03,26,22
2006,03,27,18.6,2006,03,28,11.7,2006,03,29,15.3,2006,03,30,15.9,2006,03,31,17.5,2006,04,01,17.1,2006,04,02,16.1,2006,04,03,15.1,2006,04,04,11.5,2006,04,05,-9999
2006,04,06,12,2006,04,07,14.3,2006,04,08,14.3,2006,04,09,11.6,2006,04,10,11.6,2006,04,11,12.5,2006,04,12,14.8,2006,04,13,12.7,2006,04,14,15.9,2006,04,15,17.6
2006,04,16,16,2006,04,17,15.2,2006,04,18,14.1,2006,04,19,14,2006,04,20,18.4,2006,04,21,23.2,2006,04,22,22.2,2006,04,23,22.3,2006,04,24,22.1,2006,04,25,20
2006,04,26,19.1,2006,04,27,17.1,2006,04,28,16.6,2006,04,29,13.1,2006,04,30,16.3,2006,05,01,14,2006,05,02,24.2,2006,05,03,25.7,2006,05,04,26.3,2006,05,05,20.4
2006,05,06,18.6,2006,05,07,-9999,2006,05,08,-9999,2006,05,09,-9999,2006,05,10,13.6,2006,05,11,22.5,2006,05,12,21.6,2006,05,13,19.4,2006,05,14,20,2006,05,15,24.8
2006,05,16,20.4,2006,05,17,23.9,2006,05,18,20.9,2006,05,19,17.7,2006,05,20,18.6,2006,05,21,22.3,2006,05,22,18.5,2006,05,23,16.8,2006,05,24,17,2006,05,25,20.3
2006,05,26,20.8,2006,05,27,22,2006,05,28,20.8,2006,05,29,18.3,2006,05,30,14.7,2006,05,31,14.4,2006,06,01,17.2,2006,06,02,17.6,2006,06,03,21.3,2006,06,04,20.3
2006,06,05,24.8,2006,06,06,21.1,2006,06,07,22.6,2006,06,08,24.8,2006,06,09,27.3,2006,06,10,29.9,2006,06,11,31.1,2006,06,12,32,2006,06,13,32.5,2006,06,14,30
2006,06,15,22.1,2006,06,16,24.5,2006,06,17,27.2,2006,06,18,29.6,2006,06,19,26.3,2006,06,20,23.5,2006,06,21,23.4,2006,06,22,22,2006,06,23,25.1,2006,06,24,28.3
2006,06,25,23.6,2006,06,26,24.6,2006,06,27,25.6,2006,06,28,26.2,2006,06,29,28.2,2006,06,30,30,2006,07,01,31.4,2006,07,02,31.9,2006,07,03,33.6,2006,07,04,32.4
2006,07,05,24.9,2006,07,06,26.1,2006,07,07,25.6,2006,07,08,27.5,2006,07,09,26,2006,07,10,29.8,2006,07,11,28.7,2006,07,12,30.2,2006,07,13,30.4,2006,07,14,29.9
2006,07,15,32.2,2006,07,16,33.7,2006,07,17,33.8,2006,07,18,35.5,2006,07,19,35.2,2006,07,20,31.7,2006,07,21,34.6,2006,07,22,31.6,2006,07,23,28.7,2006,07,24,32.2
2006,07,25,34.7,2006,07,26,36.6,2006,07,27,27.3,2006,07,28,29.5,2006,07,29,29.4,2006,07,30,26.3,2006,07,31,24.3,2006,08,01,22.9,2006,08,02,21.2,2006,08,03,23
2006,08,04,24.4,2006,08,05,23.9,2006,08,06,26,2006,08,07,27.7,2006,08,08,22.3,2006,08,09,24.3,2006,08,10,22.2,2006,08,11,19.6,2006,08,12,18.7,2006,08,13,19.2
2006,08,14,21.3,2006,08,15,23.5,2006,08,16,22.7,2006,08,17,23.1,2006,08,18,23.9,2006,08,19,22.1,2006,08,20,23.1,2006,08,21,21,2006,08,22,23.3,2006,08,23,24.5
2006,08,24,22.7,2006,08,25,16.7,2006,08,26,21.8,2006,08,27,21.8,2006,08,28,20.8,2006,08,29,16.2,2006,08,30,21.5,2006,08,31,24.9,2006,09,01,28.5,2006,09,02,24.8
2006,09,03,27,2006,09,04,27.8,2006,09,05,28.6,2006,09,06,31.5,2006,09,07,25.7,2006,09,08,22.9,2006,09,09,25.6,2006,09,10,29.9,2006,09,11,32.1,2006,09,12,30.3
2006,09,13,28.9,2006,09,14,24.2,2006,09,15,18.6,2006,09,16,21.8,2006,09,17,21.8,2006,09,18,22.9,2006,09,19,21.8,2006,09,20,24.9,2006,09,21,28.1,2006,09,22,25.4
2006,09,23,23.7,2006,09,24,17.6,2006,09,25,20.3,2006,09,26,20.9,2006,09,27,21,2006,09,28,21.7,2006,09,29,23.8,2006,09,30,21.3,2006,10,01,21.5,2006,10,02,18.6
2006,10,03,13.8,2006,10,04,17.6,2006,10,05,16.5,2006,10,06,18.5,2006,10,07,17.9,2006,10,08,18.4,2006,10,09,19,2006,10,10,23.1,2006,10,11,21.2,2006,10,12,17.1
2006,10,13,17.9,2006,10,14,17.1,2006,10,15,16,2006,10,16,21.7,2006,10,17,19.2,2006,10,18,20.5,2006,10,19,17.5,2006,10,20,18.1,2006,10,21,17.7,2006,10,22,21.6
2006,10,23,19.3,2006,10,24,16.9,2006,10,25,-9999,2006,10,26,17.7,2006,10,27,18.1,2006,10,28,18.2,2006,10,29,17.5,2006,10,30,16.1,2006,10,31,13.9,2006,11,01,12.6
2006,11,02,9.3,2006,11,03,9.4,2006,11,04,10.8,2006,11,05,8.9,2006,11,06,6.8,2006,11,07,8.8,2006,11,08,13.3,2006,11,09,15.1,2006,11,10,11.4,2006,11,11,13
2006,11,12,13.1,2006,11,13,12.7,2006,11,14,14,2006,11,15,17.3,2006,11,16,16.7,2006,11,17,14.2,2006,11,18,11.9,2006,11,19,10.4,2006,11,20,12,2006,11,21,12.2
2006,11,22,8,2006,11,23,13.8,2006,11,24,13.8,2006,11,25,18,2006,11,26,15.6,2006,11,27,15.6,2006,11,28,12.9,2006,11,29,12.8,2006,11,30,6.5,2006,12,01,10.3
2006,12,02,11.9,2006,12,03,11.4,2006,12,04,14.4,2006,12,05,15.4,2006,12,06,11,2006,12,07,10.5,2006,12,08,11.8,2006,12,09,8.6,2006,12,10,7.2,2006,12,11,8
2006,12,12,7.7,2006,12,13,9.5,2006,12,14,6.9,2006,12,15,11.2,2006,12,16,9.6,2006,12,17,6.1,2006,12,18,4,2006,12,19,4.3,2006,12,20,4.4,2006,12,21,6.8
2006,12,22,5.6,2006,12,23,2.2,2006,12,24,1.9,2006,12,25,1.8,2006,12,26,1.2,2006,12,27,0.8,2006,12,28,-1.2,2006,12,29,7.5,2006,12,30,11.3,2006,12,31,12
2007,01,01,13,2007,01,02,9,2007,01,03,8.1,2007,01,04,11.4,2007,01,05,11.4,2007,01,06,12.4,2007,01,07,11.6,2007,01,08,11.3,2007,01,09,13.5,2007,01,10,11.7
2007,01,11,10.7,2007,01,12,11.3,2007,01,13,11.2,2007,01,14,11.1,2007,01,15,10.9,2007,01,16,10.7,2007,01,17,12.7,2007,01,18,13.9,2007,01,19,14.5,2007,01,20,12.5
2007,01,21,-9999,2007,01,22,6.8,2007,01,23,2.2,2007,01,24,3.6,2007,01,25,0.8,2007,01,26,2.2,2007,01,27,7.6,2007,01,28,5.2,2007,01,29,8.2,2007,01,30,8.4
2007,01,31,7.5,2007,02,01,8.8,2007,02,02,10.2,2007,02,03,9.5,2007,02,04,10.3,2007,02,05,6.2,2007,02,06,8.7,2007,02,07,3.4,2007,02,08,10.2,2007,02,09,10.7
2007,02,10,12.5,2007,02,11,13.4,2007,02,12,11.8,2007,02,13,11.1,2007,02,14,11.9,2007,02,15,11,2007,02,16,15.9,2007,02,17,16.8,2007,02,18,14.7,2007,02,19,13.9
2007,02,20,14.7,2007,02,21,13.4,2007,02,22,12,2007,02,23,11.4,2007,02,24,13,2007,02,25,10.7,2007,02,26,11.4,2007,02,27,12.6,2007,02,28,14.4,2007,03,01,12.5
2007,03,02,10.1,2007,03,03,14.1,2007,03,04,16.7,2007,03,05,13.3,2007,03,06,10.4,2007,03,07,11.1,2007,03,08,13.1,2007,03,09,11.4,2007,03,10,12.6,2007,03,11,13.9
2007,03,12,15.8,2007,03,13,14.9,2007,03,14,15,2007,03,15,14.9,2007,03,16,12.9,2007,03,17,10.4,2007,03,18,9.9,2007,03,19,7.4,2007,03,20,8.3,2007,03,21,7.9
2007,03,22,8.3,2007,03,23,8.1,2007,03,24,7.1,2007,03,25,9.3,2007,03,26,15.2,2007,03,27,-9999,2007,03,28,-9999,2007,03,29,10.4,2007,03,30,6.8,2007,03,31,5.2
2007,04,01,7.3,2007,04,02,19,2007,04,03,15.5,2007,04,04,10.6,2007,04,05,15.8,2007,04,06,19,2007,04,07,16.4,2007,04,08,16.1,2007,04,09,19.5,2007,04,10,19.3
2007,04,11,20.2,2007,04,12,23.5,2007,04,13,23.3,2007,04,14,23.5,2007,04,15,25.5,2007,04,16,-9999,2007,04,17,-9999,2007,04,18,17.7,2007,04,19,18.7,2007,04,20,20.2
2007,04,21,21.4,2007,04,22,25.5,2007,04,23,24.6,2007,04,24,26.6,2007,04,25,24.8,2007,04,26,24.4,2007,04,27,22.8,2007,04,28,25.2,2007,04,29,24.7,2007,04,30,16.1
2007,05,01,-9999,2007,05,02,-9999,2007,05,03,-9999,2007,05,04,19.3,2007,05,05,-9999,2007,05,06,-9999,2007,05,07,19.6,2007,05,08,20.4,2007,05,09,-9999,2007,05,10,24.6
2007,05,11,20.9,2007,05,12,21,2007,05,13,23.6,2007,05,14,17.2,2007,05,15,16.5,2007,05,16,17.7,2007,05,17,17.5,2007,05,18,24.4,2007,05,19,21,2007,05,20,18.1
2007,05,21,24.7,2007,05,22,21.4,2007,05,23,21.7,2007,05,24,26.6,2007,05,25,26.4,2007,05,26,20.1,2007,05,27,16,2007,05,28,14.4,2007,05,29,17.1,2007,05,30,16.7
2007,05,31,19.2,2007,06,01,19.8,2007,06,02,23.2,2007,06,03,24.1,2007,06,04,23,2007,06,05,25,2007,06,06,25.7,2007,06,07,23.4,2007,06,08,20.6,2007,06,09,25
2007,06,10,26.2,2007,06,11,24.7,2007,06,12,22,2007,06,13,25.8,2007,06,14,22.7,2007,06,15,20.6,2007,06,16,21,2007,06,17,19.9,2007,06,18,25.2,2007,06,19,30.5
2007,06,20,24.4,2007,06,21,21.8,2007,06,22,19.7,2007,06,23,20.8,2007,06,24,22.8,2007,06,25,20,2007,06,26,16.9,2007,06,27,20.3,2007,06,28,19.8,2007,06,29,19.6
2007,06,30,23.5,2007,07,01,22,2007,07,02,21.5,2007,07,03,21.1,2007,07,04,20,2007,07,05,20.2,2007,07,06,22.7,2007,07,07,22.3,2007,07,08,23.4,2007,07,09,20.2
2007,07,10,18.2,2007,07,11,20.3,2007,07,12,21.4,2007,07,13,28.9,2007,07,14,29.1,2007,07,15,31.5,2007,07,16,29.9,2007,07,17,-9999,2007,07,18,25,2007,07,19,26.6
2007,07,20,25.2,2007,07,21,21.9,2007,07,22,22.2,2007,07,23,20.1,2007,07,24,23.3,2007,07,25,23.3,2007,07,26,24.8,2007,07,27,24.6,2007,07,28,23.8,2007,07,29,23.8
2007,07,30,21.8,2007,07,31,22.2,2007,08,01,26.8,2007,08,02,25.9,2007,08,03,24.6,2007,08,04,27,2007,08,05,31.6,2007,08,06,19.3,2007,08,07,22.5,2007,08,08,17.9
2007,08,09,19.7,2007,08,10,16.9,2007,08,11,20.7,2007,08,12,25.3,2007,08,13,23.2,2007,08,14,24.4,2007,08,15,21.4,2007,08,16,21.5,2007,08,17,20.9,2007,08,18,21.2
2007,08,19,20,2007,08,20,19.2,2007,08,21,21.1,2007,08,22,19.3,2007,08,23,19.6,2007,08,24,22,2007,08,25,26.1,2007,08,26,25.9,2007,08,27,24.3,2007,08,28,21.5
2007,08,29,20.4,2007,08,30,21.5,2007,08,31,23.1,2007,09,01,20.3,2007,09,02,21.5,2007,09,03,20,2007,09,04,18.8,2007,09,05,19.9,2007,09,06,21.1,2007,09,07,20.7
2007,09,08,23.8,2007,09,09,21.1,2007,09,10,21.5,2007,09,11,19.6,2007,09,12,21.2,2007,09,13,23,2007,09,14,24.2,2007,09,15,23.7,2007,09,16,26.3,2007,09,17,21.9
2007,09,18,16.6,2007,09,19,17.8,2007,09,20,20.8,2007,09,21,24.5,2007,09,22,19.1,2007,09,23,21.3,2007,09,24,17.9,2007,09,25,17.8,2007,09,26,16,2007,09,27,15.6
2007,09,28,15.3,2007,09,29,18.6,2007,09,30,21,2007,10,01,23.1,2007,10,02,20.5,2007,10,03,18.9,2007,10,04,17.3,2007,10,05,19.5,2007,10,06,20.6,2007,10,07,20.1
2007,10,08,19.4,2007,10,09,19,2007,10,10,16.6,2007,10,11,17.5,2007,10,12,16.4,2007,10,13,14.9,2007,10,14,20.8,2007,10,15,17.2,2007,10,16,20.5,2007,10,17,17.8
2007,10,18,14.3,2007,10,19,13.3,2007,10,20,11.4,2007,10,21,12,2007,10,22,11.4,2007,10,23,10.4,2007,10,24,10.6,2007,10,25,10,2007,10,26,10,2007,10,27,10.2
2007,10,28,11.3,2007,10,29,11.9,2007,10,30,12.9,2007,10,31,12.2,2007,11,01,13,2007,11,02,11.7,2007,11,03,13.5,2007,11,04,13.8,2007,11,05,11.9,2007,11,06,11.8
2007,11,07,10.9,2007,11,08,12,2007,11,09,11,2007,11,10,11.6,2007,11,11,12.7,2007,11,12,10.1,2007,11,13,7.1,2007,11,14,8.8,2007,11,15,4.8,2007,11,16,3.7
2007,11,17,6,2007,11,18,2.7,2007,11,19,9.1,2007,11,20,11.9,2007,11,21,12.8,2007,11,22,13.2,2007,11,23,8.3,2007,11,24,7.2,2007,11,25,10.1,2007,11,26,9.6
2007,11,27,8.2,2007,11,28,3.6,2007,11,29,7.5,2007,11,30,7.6,2007,12,01,10.7,2007,12,02,10.9,2007,12,03,11.9,2007,12,04,11.3,2007,12,05,12.3,2007,12,06,11.8
2007,12,07,12.3,2007,12,08,9.8,2007,12,09,11.8,2007,12,10,8.2,2007,12,11,7.2,2007,12,12,5.7,2007,12,13,5.6,2007,12,14,3.1,2007,12,15,1.8,2007,12,16,0.7
2007,12,17,0.2,2007,12,18,0.1,2007,12,19,1.7,2007,12,20,3,2007,12,21,8.7,2007,12,22,4.8,2007,12,23,6.8,2007,12,24,8.7,2007,12,25,4.1,2007,12,26,3.6
2007,12,27,6.6,2007,12,28,8.5,2007,12,29,8.3,2007,12,30,6.4,2007,12,31,5.1,2008,01,01,5.4,2008,01,02,2.2,2008,01,03,6.6,2008,01,04,9.2,2008,01,05,9.9
2008,01,06,8.5,2008,01,07,12.1,2008,01,08,6.7,2008,01,09,9.7,2008,01,10,11.4,2008,01,11,11.4,2008,01,12,8.4,2008,01,13,9.3,2008,01,14,10.2,2008,01,15,9.2
2008,01,16,8.8,2008,01,17,10.4,2008,01,18,11.9,2008,01,19,14.4,2008,01,20,11.9,2008,01,21,10.8,2008,01,22,10.9,2008,01,23,11.2,2008,01,24,9,2008,01,25,10.4
2008,01,26,8,2008,01,27,10.2,2008,01,28,3,2008,01,29,2.3,2008,01,30,4,2008,01,31,5.8,2008,02,01,9.7,2008,02,02,7.2,2008,02,03,9.4,2008,02,04,8.7
2008,02,05,11.7,2008,02,06,12.6,2008,02,07,13,2008,02,08,12.9,2008,02,09,10.9,2008,02,10,11.9,2008,02,11,12,2008,02,12,11.1,2008,02,13,11,2008,02,14,9.6
2008,02,15,3.3,2008,02,16,5.3,2008,02,17,9.5,2008,02,18,11.4,2008,02,19,12,2008,02,20,9.2,2008,02,21,10.5,2008,02,22,14.3,2008,02,23,15,2008,02,24,17.6
2008,02,25,13.1,2008,02,26,11.4,2008,02,27,12.4,2008,02,28,13,2008,02,29,12.8,2008,03,01,15,2008,03,02,13.1,2008,03,03,12,2008,03,04,7.3,2008,03,05,7.3
2008,03,06,9.1,2008,03,07,10.1,2008,03,08,10.5,2008,03,09,10,2008,03,10,9.7,2008,03,11,13,2008,03,12,12.5,2008,03,13,12,2008,03,14,16.8,2008,03,15,18.3
2008,03,16,13.1,2008,03,17,9.1,2008,03,18,7.8,2008,03,19,8.3,2008,03,20,9.5,2008,03,21,9.8,2008,03,22,6.9,2008,03,23,6.8,2008,03,24,4.9,2008,03,25,9.4
2008,03,26,11.1,2008,03,27,11.4,2008,03,28,12.1,2008,03,29,14.5,2008,03,30,12.4,2008,03,31,14.3,2008,04,01,12.8,2008,04,02,14.2,2008,04,03,15.5,2008,04,04,14.7
2008,04,05,13.1,2008,04,06,8.3,2008,04,07,9.1,2008,04,08,7.5,2008,04,09,6.9,2008,04,10,11.4,2008,04,11,14.3,2008,04,12,13.8,2008,04,13,10.9,2008,04,14,12
2008,04,15,12.3,2008,04,16,13.4,2008,04,17,12,2008,04,18,14.4,2008,04,19,16.8,2008,04,20,15.4,2008,04,21,11.7,2008,04,22,17.2,2008,04,23,16.3,2008,04,24,18.5
2008,04,25,17.2,2008,04,26,22.2,2008,04,27,24.3,2008,04,28,15.1,2008,04,29,13.3,2008,04,30,13.6,2008,05,01,13.7,2008,05,02,18.3,2008,05,03,23,2008,05,04,23.8
2008,05,05,21,2008,05,06,21.4,2008,05,07,24.6,2008,05,08,25.7,2008,05,09,22.2,2008,05,10,24.8,2008,05,11,24,2008,05,12,24.1,2008,05,13,24,2008,05,14,24.7
2008,05,15,21.4,2008,05,16,21.6,2008,05,17,20.2,2008,05,18,20.4,2008,05,19,16,2008,05,20,18.5,2008,05,21,19.9,2008,05,22,21,2008,05,23,22.1,2008,05,24,20.3
2008,05,25,21.4,2008,05,26,17.4,2008,05,27,17.6,2008,05,28,21.9,2008,05,29,20.6,2008,05,30,23.8,2008,05,31,22.2,2008,06,01,21.8,2008,06,02,22.6,2008,06,03,16.9
2008,06,04,17.1,2008,06,05,19.4,2008,06,06,17.2,2008,06,07,19.2,2008,06,08,20,2008,06,09,26.3,2008,06,10,26.8,2008,06,11,24.2,2008,06,12,19.6,2008,06,13,17.7
2008,06,14,19.1,2008,06,15,17.9,2008,06,16,18.8,2008,06,17,23.3,2008,06,18,22,2008,06,19,23.8,2008,06,20,24.3,2008,06,21,28.7,2008,06,22,27.9,2008,06,23,25.8
2008,06,24,28.7,2008,06,25,26.7,2008,06,26,25.1,2008,06,27,24.4,2008,06,28,24.3,2008,06,29,24.8,2008,06,30,26.3,2008,07,01,31.9,2008,07,02,19.3,2008,07,03,22.6
2008,07,04,23.8,2008,07,05,22.3,2008,07,06,22.8,2008,07,07,21.2,2008,07,08,22.6,2008,07,09,25.5,2008,07,10,28.1,2008,07,11,25.1,2008,07,12,21.5,2008,07,13,21.3
2008,07,14,24.6,2008,07,15,28.1,2008,07,16,26.7,2008,07,17,24.4,2008,07,18,24.3,2008,07,19,25.9,2008,07,20,24,2008,07,21,20.1,2008,07,22,19.6,2008,07,23,27.6
2008,07,24,29.5,2008,07,25,26.7,2008,07,26,25.1,2008,07,27,29,2008,07,28,31.8,2008,07,29,26.1,2008,07,30,31.1,2008,07,31,33.5,2008,08,01,23.8,2008,08,02,-9999
2008,08,03,25.4,2008,08,04,24.4,2008,08,05,28.1,2008,08,06,33.1,2008,08,07,30.7,2008,08,08,23.1,2008,08,09,26,2008,08,10,23.3,2008,08,11,22.9,2008,08,12,25.4
2008,08,13,24.3,2008,08,14,22.7,2008,08,15,23.3,2008,08,16,23.9,2008,08,17,22.8,2008,08,18,26.9,2008,08,19,24.7,2008,08,20,22.6,2008,08,21,25.7,2008,08,22,17
2008,08,23,20.5,2008,08,24,19.1,2008,08,25,22.7,2008,08,26,24.3,2008,08,27,24.8,2008,08,28,23.7,2008,08,29,24.6,2008,08,30,31.2,2008,08,31,27.7,2008,09,01,23.4
2008,09,02,23.2,2008,09,03,15.5,2008,09,04,18.9,2008,09,05,21.2,2008,09,06,21.3,2008,09,07,21.4,2008,09,08,21.5,2008,09,09,24.4,2008,09,10,25.6,2008,09,11,25.2
2008,09,12,15,2008,09,13,-9999,2008,09,14,-9999,2008,09,15,18.9,2008,09,16,18.3,2008,09,17,17.3,2008,09,18,17.5,2008,09,19,19.8,2008,09,20,15.2,2008,09,21,-9999
2008,09,22,19.4,2008,09,23,17.8,2008,09,24,19.3,2008,09,25,19.4,2008,09,26,19,2008,09,27,19.8,2008,09,28,20.3,2008,09,29,19.7,2008,09,30,15.6,2008,10,01,18.8
2008,10,02,17.1,2008,10,03,11.3,2008,10,04,15.4,2008,10,05,14.9,2008,10,06,18.9,2008,10,07,21.2,2008,10,08,15.6,2008,10,09,17.3,2008,10,10,20.3,2008,10,11,24
2008,10,12,23.4,2008,10,13,25,2008,10,14,18,2008,10,15,17.5,2008,10,16,15.3,2008,10,17,15.2,2008,10,18,15.6,2008,10,19,-9999,2008,10,20,21.7,2008,10,21,12
2008,10,22,13.9,2008,10,23,15.2,2008,10,24,12.9,2008,10,25,17.3,2008,10,26,16,2008,10,27,14.8,2008,10,28,10.7,2008,10,29,8.9,2008,10,30,4.2,2008,10,31,11.6
2008,11,01,11.1,2008,11,02,10.7,2008,11,03,16.3,2008,11,04,13.8,2008,11,05,8.9,2008,11,06,10.6,2008,11,07,12.5,2008,11,08,12.3,2008,11,09,12.8,2008,11,10,14.5
2008,11,11,12.6,2008,11,12,9.5,2008,11,13,10.7,2008,11,14,9.1,2008,11,15,11.4,2008,11,16,12.3,2008,11,17,10.6,2008,11,18,11.8,2008,11,19,11.5,2008,11,20,10.5
2008,11,21,11.8,2008,11,22,6.1,2008,11,23,8.3,2008,11,24,6.5,2008,11,25,6,2008,11,26,6.1,2008,11,27,5.8,2008,11,28,3.8,2008,11,29,7.2,2008,11,30,4.2
2008,12,01,5.9,2008,12,02,6.6,2008,12,03,6.1,2008,12,04,11.4,2008,12,05,9.3,2008,12,06,8.7,2008,12,07,5.8,2008,12,08,3.7,2008,12,09,2.4,2008,12,10,4.8
2008,12,11,3.5,2008,12,12,0.1,2008,12,13,3.5,2008,12,14,4.4,2008,12,15,4.6,2008,12,16,1.7,2008,12,17,6.3,2008,12,18,6,2008,12,19,9.6,2008,12,20,9.3
2008,12,21,9.4,2008,12,22,9,2008,12,23,8.4,2008,12,24,-9999,2008,12,25,-9999,2008,12,26,5.1,2008,12,27,0.4,2008,12,28,0.6,2008,12,29,1.9,2008,12,30,2.8
2008,12,31,2.4,2009,01,01,1.5,2009,01,02,0.3,2009,01,03,1.1,2009,01,04,-0.7,2009,01,05,-1.6,2009,01,06,-2.2,2009,01,07,-3.1,2009,01,08,-0.1,2009,01,09,-2.9
2009,01,10,-0.4,2009,01,11,6.7,2009,01,12,5.7,2009,01,13,7,2009,01,14,3.3,2009,01,15,5.5,2009,01,16,6.6,2009,01,17,8.7,2009,01,18,9.2,2009,01,19,12
2009,01,20,5.9,2009,01,21,4.2,2009,01,22,7.5,2009,01,23,12.7,2009,01,24,6.3,2009,01,25,2.7,2009,01,26,5.6,2009,01,27,4,2009,01,28,5.2,2009,01,29,1.1
2009,01,30,5.5,2009,01,31,5.2,2009,02,01,1.6,2009,02,02,1.3,2009,02,03,2.9,2009,02,04,5.9,2009,02,05,11.8,2009,02,06,11.1,2009,02,07,-9999,2009,02,08,1.7
2009,02,09,10.5,2009,02,10,11.8,2009,02,11,6.3,2009,02,12,5.6,2009,02,13,3.4,2009,02,14,3.5,2009,02,15,4.6,2009,02,16,7.6,2009,02,17,11.1,2009,02,18,8.6
2009,02,19,7,2009,02,20,9.9,2009,02,21,6.1,2009,02,22,9.4,2009,02,23,7.7,2009,02,24,8.2,2009,02,25,10.4,2009,02,26,9.5,2009,02,27,13.3,2009,02,28,17.4
2009,03,01,12.6,2009,03,02,10.8,2009,03,03,12,2009,03,04,7.6,2009,03,05,5.1,2009,03,06,9.1,2009,03,07,9.1,2009,03,08,10.7,2009,03,09,11.8,2009,03,10,11.5
2009,03,11,12.2,2009,03,12,13.1,2009,03,13,15.5,2009,03,14,13.2,2009,03,15,14.3,2009,03,16,15,2009,03,17,16.5,2009,03,18,17.6,2009,03,19,16.9,2009,03,20,12.6
2009,03,21,11.7,2009,03,22,10.4,2009,03,23,13.7,2009,03,24,12,2009,03,25,12.6,2009,03,26,11.2,2009,03,27,11.9,2009,03,28,10.9,2009,03,29,9.9,2009,03,30,11.9
2009,03,31,15.4,2009,04,01,17.1,2009,04,02,18.9,2009,04,03,18.7,2009,04,04,15.5,2009,04,05,16.8,2009,04,06,21.8,2009,04,07,15.6,2009,04,08,13.4,2009,04,09,21.5
2009,04,10,19,2009,04,11,17.1,2009,04,12,17.6,2009,04,13,17.6,2009,04,14,19.6,2009,04,15,20.7,2009,04,16,12.8,2009,04,17,17.4,2009,04,18,16.7,2009,04,19,14.7
2009,04,20,20.1,2009,04,21,19.8,2009,04,22,19.3,2009,04,23,-9999,2009,04,24,19.4,2009,04,25,16.5,2009,04,26,14.5,2009,04,27,15.6,2009,04,28,15.2,2009,04,29,14.4
2009,04,30,17,2009,05,01,20,2009,05,02,18.9,2009,05,03,17.6,2009,05,04,15.9,2009,05,05,15.7,2009,05,06,18.5,2009,05,07,24.8,2009,05,08,22.1,2009,05,09,15.9
2009,05,10,18.2,2009,05,11,18.9,2009,05,12,21.4,2009,05,13,22.3,2009,05,14,19.6,2009,05,15,15.8,2009,05,16,16.9,2009,05,17,16.7,2009,05,18,18.9,2009,05,19,19.2
2009,05,20,22,2009,05,21,21.2,2009,05,22,20.6,2009,05,23,24,2009,05,24,28.2,2009,05,25,27.8,2009,05,26,24.9,2009,05,27,17.3,2009,05,28,18.3,2009,05,29,21.5
2009,05,30,22.7,2009,05,31,23.1,2009,06,01,24.7,2009,06,02,24.6,2009,06,03,23.9,2009,06,04,21.5,2009,06,05,18.7,2009,06,06,16.5,2009,06,07,17.4,2009,06,08,15.9
2009,06,09,19,2009,06,10,19,2009,06,11,20.3,2009,06,12,22.2,2009,06,13,25.4,2009,06,14,26.2,2009,06,15,18.9,2009,06,16,-9999,2009,06,17,26.1,2009,06,18,25
2009,06,19,20.4,2009,06,20,18.5,2009,06,21,21.2,2009,06,22,20.2,2009,06,23,22.1,2009,06,24,24.9,2009,06,25,26,2009,06,26,26.2,2009,06,27,26.1,2009,06,28,28.1
2009,06,29,30.5,2009,06,30,31,2009,07,01,30.8,2009,07,02,31.9,2009,07,03,27,2009,07,04,29,2009,07,05,26.3,2009,07,06,24.6,2009,07,07,22.8,2009,07,08,23.2
2009,07,09,21.2,2009,07,10,21.5,2009,07,11,23.9,2009,07,12,26.1,2009,07,13,24.3,2009,07,14,26.2,2009,07,15,25.5,2009,07,16,31.2,2009,07,17,29.7,2009,07,18,21.2
2009,07,19,21.4,2009,07,20,25.9,2009,07,21,32.2,2009,07,22,30.2,2009,07,23,22.4,2009,07,24,23.5,2009,07,25,22.8,2009,07,26,26.2,2009,07,27,24.8,2009,07,28,24.1
2009,07,29,27.7,2009,07,30,24.7,2009,07,31,25.6
